image_width: 1280
image_height: 720
camera_name: narrow_stereo/right
camera_matrix:
  rows: 3
  cols: 3
  data: [1482.050522, 0.000000, 652.349768, 0.000000, 1482.619561, 292.443696, 0.000000, 0.000000, 1.000000]
distortion_model: plumb_bob
distortion_coefficients:
  rows: 1
  cols: 5
  data: [0.052428, -0.021086, -0.003063, -0.001201, 0.000000]
rectification_matrix:
  rows: 3
  cols: 3
  data: [0.998532, -0.007321, -0.053669, 0.006825, 0.999932, -0.009408, 0.053734, 0.009028, 0.998514]
projection_matrix:
  rows: 3
  cols: 4
  data: [1568.402608, 0.000000, 730.300041, -144.221729, 0.000000, 1568.402608, 309.431355, 0.000000, 0.000000, 0.000000, 1.000000, 0.000000]
